809.94 610
5 5 10810 1000 0.074 0.6
1167
611 19.6667 0.2442 0.6
771.833 555.333 0.481 0.6
771 556.056 1.9018 0.6
760 39 0.0666 0.6
765 37 0.0666 0.6
762 35 0.0666 0.6
764 37 0.0666 0.6
761.5 35.5 0.2442 0.6
762.111 36.4444 0.9546 0.6
762.625 36.1875 0.9546 0.6
772.5 557 0.2442 0.6
615 21 0.0666 0.6
612.5 21.5 0.1258 0.6
615 17 0.0666 0.6
611.2 21.6 0.481 0.6
611.375 20.375 0.481 0.6
610.409 20.2727 1.9018 0.6
610.593 20.2593 1.9018 0.6
772.5 602.5 0.1258 0.6
762.875 587.5 0.481 0.6
635.286 473.048 1.9018 0.6
634.594 473.281 1.9018 0.6
756 568 0.1258 0.6
754 568.667 0.2442 0.6
754.125 568 0.481 0.6
763 588 0.0666 0.6
764.5 587.5 0.1258 0.6
765 587 0.0666 0.6
774 601 0.0666 0.6
763.667 587 0.2442 0.6
698 543 0.1258 0.6
699 540 0.0666 0.6
696.9 542.4 0.9546 0.6
696.167 541.833 0.9546 0.6
697.25 543 0.9546 0.6
771 555 0.0666 0.6
772 557.5 0.1258 0.6
639 534 0.0666 0.6
780.667 17.2222 0.9546 0.6
779.333 18.4444 0.9546 0.6
778.742 18.3226 1.9018 0.6
793.5 34.5 0.2442 0.6
793.25 35.75 0.2442 0.6
791.625 35.25 0.481 0.6
793.429 33.5714 0.481 0.6
793.08 35.16 1.9018 0.6
781 19.1667 0.481 0.6
645 530 0.0666 0.6
644 532 0.0666 0.6
642 532 0.2442 0.6
642.5 534.25 0.2442 0.6
642.25 533.188 0.9546 0.6
642.4 532.48 1.9018 0.6
604 426 0.0666 0.6
604 425 0.0666 0.6
762.875 19.625 0.481 0.6
772.75 601.5 0.2442 0.6
779 595 0.0666 0.6
780.25 594.25 0.2442 0.6
779.667 595.667 0.2442 0.6
765 22 0.0666 0.6
760 20 0.0666 0.6
762 22 0.0666 0.6
763 20.5 0.1258 0.6
635.111 474.556 0.9546 0.6
762.167 20.0556 1.9018 0.6
764 5 0.0666 0.6
760 6 0.0666 0.6
761 4 0.0666 0.6
763.5 4.5 0.1258 0.6
762.3 5.5 0.9546 0.6
762.385 4.38462 0.9546 0.6
779.333 16 0.2442 0.6
701.105 592.947 1.9018 0.6
781.385 536.615 0.9546 0.6
782.115 536.538 1.9018 0.6
752 593 0.0666 0.6
752 592 0.0666 0.6
753.4 592.6 0.481 0.6
754 593.333 0.2442 0.6
699.667 593 0.2442 0.6
700 594 0.0666 0.6
702.5 593 0.1258 0.6
785 534 0.0666 0.6
766 452 0.0666 0.6
768 450.25 0.2442 0.6
768.5 450 0.1258 0.6
767.889 450 0.9546 0.6
767.636 450.636 0.9546 0.6
767.923 450.051 3.7962 0.6
752 383 0.1258 0.6
751.667 381 0.2442 0.6
589.5 70 0.1258 0.6
766.5 483.125 0.481 0.6
765.2 481.667 0.9546 0.6
765.242 482.394 3.7962 0.6
654 15 0.0666 0.6
655.25 17.75 0.2442 0.6
657.1 16.6 0.9546 0.6
656.476 16.7143 1.9018 0.6
656.28 18.16 1.9018 0.6
752.714 381.571 0.481 0.6
591.667 70.6667 0.2442 0.6
591.5 69.8333 0.9546 0.6
590.8 69.16 1.9018 0.6
794 550 0.0666 0.6
796.75 551 0.2442 0.6
796.286 551 0.481 0.6
795 551.056 1.9018 0.6
781 534 0.0666 0.6
669 493.5 0.2442 0.6
586 579 0.0666 0.6
586 580 0.0666 0.6
584.667 581 0.2442 0.6
582.143 579.429 0.481 0.6
583.833 578.833 0.481 0.6
583.294 579.353 1.9018 0.6
668 491 0.0666 0.6
669 493 0.0666 0.6
750 609 0.0666 0.6
669.375 492.125 0.481 0.6
668.375 492.625 0.481 0.6
669.15 492.45 1.9018 0.6
633 474 0.0666 0.6
634 475 0.0666 0.6
638 476 0.0666 0.6
637 471 0.0666 0.6
635.667 474.333 0.481 0.6
791.105 464.895 1.9018 0.6
751.071 382.071 0.9546 0.6
751 381.9 0.9546 0.6
752.333 382.533 1.9018 0.6
793 464 0.0666 0.6
792 465.5 0.1258 0.6
791 466.333 0.2442 0.6
791 465.25 0.2442 0.6
791.111 463 0.9546 0.6
602 428 0.0666 0.6
790.738 465.262 3.7962 0.6
789 521 0.0666 0.6
788 518 0.0666 0.6
792.5 522.5 0.1258 0.6
795 520 0.2442 0.6
790 521.25 0.2442 0.6
791.389 521.556 1.9018 0.6
791.3 521.133 1.9018 0.6
8 596 0.0666 0.6
36 508.5 0.1258 0.6
36.3333 509.5 0.481 0.6
36.6667 510 0.2442 0.6
35.4444 509.667 0.9546 0.6
11 513 0.0666 0.6
11 513 0.1258 0.6
11.4 512.6 0.481 0.6
12.3 512 0.9546 0.6
9 592 0.0666 0.6
35 511 0.0666 0.6
52 478.5 0.1258 0.6
53 477.5 0.2442 0.6
52.5 477 0.2442 0.6
52.3333 477.5 0.481 0.6
231 399 0.0666 0.6
231 397 0.0666 0.6
222 400 0.0666 0.6
227.333 394.667 0.2442 0.6
45 46 0.0666 0.6
235 573 0.0666 0.6
233 569 0.0666 0.6
228.5 567.5 0.2442 0.6
230.333 570.25 0.9546 0.6
231.222 569.889 1.9018 0.6
231.897 569.564 3.7962 0.6
230.494 569.506 7.585 0.6
47 47 0.481 0.6
225.8 395.8 0.481 0.6
46.3333 47.1667 0.481 0.6
245 75.5 0.1258 0.6
250 77 0.0666 0.6
245 78 0.1258 0.6
245.667 75.3333 0.2442 0.6
245.133 77.4667 0.9546 0.6
245.917 76.0417 1.9018 0.6
244.348 76.7273 7.585 0.6
300.458 212.167 1.9018 0.6
48 65 0.0666 0.6
47.5 66.6667 0.481 0.6
47.25 66.375 0.481 0.6
299 217 0.1258 0.6
293 215 0.0666 0.6
301.5 211 0.2442 0.6
296.571 216.143 0.481 0.6
299.143 212.857 0.481 0.6
31.0435 380.283 3.7962 0.6
299.574 213.426 3.7962 0.6
300.171 213.352 7.585 0.6
12.5 125 0.1258 0.6
13 126.5 0.1258 0.6
12.6667 126 0.2442 0.6
13.375 125.5 0.481 0.6
12.6667 126.333 0.9546 0.6
24 188 0.0666 0.6
39 407.143 0.9546 0.6
226 397.615 0.9546 0.6
227.857 397.476 1.9018 0.6
228.152 396.727 3.7962 0.6
228.293 395.747 7.585 0.6
41 406.5 0.1258 0.6
42 409 0.0666 0.6
37.5 406 0.2442 0.6
39 406.429 0.481 0.6
231 575 0.0666 0.6
39.9643 407.179 1.9018 0.6
31 378 0.0666 0.6
35 379.5 0.1258 0.6
35 377 0.0666 0.6
29 384 0.0666 0.6
32.2 379 0.481 0.6
30.625 380.375 0.481 0.6
31.7241 380.207 1.9018 0.6
34.8125 282 0.9546 0.6
46 242 0.1258 0.6
46.75 242.5 0.2442 0.6
47.9091 243.636 0.9546 0.6
46.1111 243.389 1.9018 0.6
47.1316 244.316 3.7962 0.6
39 284 0.0666 0.6
36 282 0.0666 0.6
35.75 277.75 0.2442 0.6
32.5556 282.444 0.9546 0.6
45.5 243.5 0.1258 0.6
33.1724 280.759 1.9018 0.6
33.8864 281.273 3.7962 0.6
45 568 0.0666 0.6
43.6 568.8 0.481 0.6
44 569 0.0666 0.6
51 548 0.0666 0.6
53 548 0.0666 0.6
52 548 0.0666 0.6
763 539.167 0.481 0.6
608 427 0.0666 0.6
603 427 0.2442 0.6
603.875 428.125 0.481 0.6
604.214 427.071 0.9546 0.6
604.75 428.5 1.9018 0.6
760.5 540.5 0.1258 0.6
761 538 0.0666 0.6
762 539 0.1258 0.6
51.5 549.5 0.1258 0.6
761.8 539.1 0.9546 0.6
760.25 539.417 0.9546 0.6
766.333 511.667 0.2442 0.6
766.5 512 0.1258 0.6
765.4 512 0.9546 0.6
765.4 512.5 0.9546 0.6
765.143 511.536 1.9018 0.6
45.5 243 0.1258 0.6
39.5 7 0.1258 0.6
40.5 559.1 0.9546 0.6
18 566 0.0666 0.6
19 566 0.0666 0.6
25 562.333 0.2442 0.6
25 562.667 0.2442 0.6
38 6 0.0666 0.6
38.5 7.5 0.1258 0.6
41 7 0.0666 0.6
42 558 0.0666 0.6
39.5 6.5 0.2442 0.6
33 3 0.0666 0.6
31.5 3 0.1258 0.6
32 3.5 0.2442 0.6
32 2 0.1258 0.6
43 607 0.0666 0.6
41 608 0.0666 0.6
42 607.5 0.2442 0.6
37.6667 54.6667 0.2442 0.6
52 549.333 0.2442 0.6
43.3333 21.6667 0.2442 0.6
42.1 22.3 0.9546 0.6
53 26 0.0666 0.6
53 25 0.0666 0.6
51.5 25.5 0.2442 0.6
51.5 27 0.1258 0.6
37 56 0.0666 0.6
764 481.667 0.2442 0.6
38.3333 54.3333 0.2442 0.6
39 47 0.0666 0.6
40 45 0.0666 0.6
38 46.4 0.481 0.6
38.25 45.25 0.2442 0.6
37.5 573 0.1258 0.6
38 572.6 0.481 0.6
39 559 0.0666 0.6
629 582 0.0666 0.6
769.909 139.091 0.9546 0.6
768.667 139.733 0.9546 0.6
769 140.741 1.9018 0.6
750 198 0.0666 0.6
754.667 198.5 0.481 0.6
754.667 196.167 0.481 0.6
755.929 198.071 0.9546 0.6
754.923 198.423 1.9018 0.6
754.667 198.412 3.7962 0.6
767.5 139.667 0.481 0.6
629 579 0.0666 0.6
626.571 581.429 0.481 0.6
625 582 0.481 0.6
626.143 582.071 0.9546 0.6
626.609 581.87 1.9018 0.6
587 483 0.0666 0.6
590 485 0.0666 0.6
588 483.5 0.1258 0.6
702.1 30.8 1.9018 0.6
787 606 0.0666 0.6
789 607 0.0666 0.6
788.375 605.75 0.481 0.6
700 30 0.0666 0.6
703 32 0.0666 0.6
699.5 29 0.1258 0.6
699.5 29.5 0.1258 0.6
702.286 30 0.9546 0.6
590 485.5 0.1258 0.6
790 9 0.0666 0.6
791.5 10.5 0.1258 0.6
792.8 10 0.481 0.6
791.833 9.66667 0.481 0.6
793.615 10.6923 0.9546 0.6
791.913 11.087 1.9018 0.6
767 140 0.0666 0.6
768.8 140.8 0.481 0.6
612.583 202.083 0.9546 0.6
765.5 80.5 0.1258 0.6
764.429 79.4286 0.481 0.6
763.824 78.2941 1.9018 0.6
764.722 78.1389 3.7962 0.6
615 203 0.0666 0.6
612.5 205 0.1258 0.6
611 205.5 0.1258 0.6
611.5 205.5 0.1258 0.6
763 81 0.0666 0.6
614.059 201.824 1.9018 0.6
611.909 202.576 3.7962 0.6
612.212 201.697 7.585 0.6
787 559 0.0666 0.6
786 559 0.0666 0.6
789 559.5 0.1258 0.6
788 560.625 0.481 0.6
787.6 560.4 0.481 0.6
666.65 160.4 3.7962 0.6
587.5 485 0.2442 0.6
588.364 483.636 0.9546 0.6
587.25 484.25 0.9546 0.6
666 161 0.1258 0.6
670 161 0.0666 0.6
667.4 161.6 0.481 0.6
666.444 161.556 0.9546 0.6
667.316 160.789 1.9018 0.6
789.5 606.5 0.1258 0.6
669 217 0.0666 0.6
669 224 0.0666 0.6
668 226 0.0666 0.6
672.25 222.5 0.2442 0.6
674.167 222.583 0.9546 0.6
673.417 220.167 0.9546 0.6
674.286 220.524 1.9018 0.6
672.286 222.206 3.7962 0.6
664.444 366.222 0.9546 0.6
649.286 412.714 0.481 0.6
647.5 414.833 0.481 0.6
650.412 412.412 1.9018 0.6
648.447 411.974 3.7962 0.6
665.5 364.5 0.1258 0.6
664 363 0.0666 0.6
667.5 365.5 0.1258 0.6
661 368 0.0666 0.6
665.5 363.333 0.481 0.6
649 413.333 0.2442 0.6
665.083 365.833 0.9546 0.6
664.895 365.526 3.7962 0.6
779 51 0.0666 0.6
775 53 0.0666 0.6
774.5 53.5 0.2442 0.6
774.75 52.5 0.2442 0.6
778.5 52.5 0.1258 0.6
775.25 51.5 0.2442 0.6
768.091 112.591 1.9018 0.6
760 602 0.1258 0.6
759.667 602.667 0.2442 0.6
765 607 0.0666 0.6
764 607 0.0666 0.6
765 606 0.2442 0.6
764 114 0.0666 0.6
766 115 0.2442 0.6
769.167 112.833 0.481 0.6
775.833 55 0.9546 0.6
767.784 111.865 3.7962 0.6
790 133 0.0666 0.6
795 139 0.0666 0.6
796 134 0.0666 0.6
794.75 132.5 0.2442 0.6
792.538 136 0.9546 0.6
793.121 136.061 3.7962 0.6
791.5 136.5 3.7962 0.6
690.714 103.5 0.9546 0.6
779.85 177 1.9018 0.6
781.302 176.321 3.7962 0.6
691 106 0.0666 0.6
688 107 0.0666 0.6
690 103.5 0.1258 0.6
691 103.667 0.481 0.6
690.625 103.125 0.481 0.6
691.818 103.455 0.9546 0.6
780.667 177 1.9018 0.6
633 100 0.0666 0.6
633.4 104 0.481 0.6
634 103.846 0.9546 0.6
633.966 103.345 1.9018 0.6
633.75 102.85 1.9018 0.6
777 607 0.0666 0.6
779 607.5 0.1258 0.6
777.667 607.667 0.2442 0.6
790.5 98 0.1258 0.6
775.121 53.1515 3.7962 0.6
793 68.5 0.1258 0.6
790.75 66.5 0.2442 0.6
793.375 65.375 0.481 0.6
793.2 64.2 0.9546 0.6
792.056 65.2222 3.7962 0.6
787 101 0.0666 0.6
790 100.5 0.1258 0.6
794 577 0.0666 0.6
788.5 97.1667 0.481 0.6
790.333 98.3333 0.9546 0.6
789 97.8421 1.9018 0.6
790.579 97.7895 3.7962 0.6
781 174 0.0666 0.6
781 176 0.1258 0.6
782.6 176.4 0.481 0.6
780.714 176.857 0.481 0.6
771 416 0.0666 0.6
777.014 239.466 7.585 0.6
776 275 0.0666 0.6
773.5 272 0.2442 0.6
776.25 272.75 0.2442 0.6
773 272.7 0.9546 0.6
774.118 272.176 1.9018 0.6
775.026 272.821 3.7962 0.6
773.291 272.756 7.585 0.6
770 413 0.0666 0.6
778.351 239.081 3.7962 0.6
770 416.333 0.2442 0.6
769.571 415.143 0.9546 0.6
769.261 416.913 1.9018 0.6
770.733 416.967 1.9018 0.6
782 367 0.0666 0.6
783.5 363 0.1258 0.6
783.6 364.3 0.9546 0.6
782.647 362.353 1.9018 0.6
603 140 0.0666 0.6
607.155 274.966 3.7962 0.6
659 61 0.0666 0.6
655 64.3333 0.2442 0.6
655.4 63.4 0.481 0.6
656.375 63.25 0.481 0.6
655.625 63.4375 0.9546 0.6
655.909 62.9697 3.7962 0.6
601 139 0.1258 0.6
782.71 362.29 1.9018 0.6
600.5 138.5 0.1258 0.6
602 139 0.481 0.6
601.111 138.333 0.9546 0.6
600.923 138.077 0.9546 0.6
601.571 138.071 1.9018 0.6
775 239 0.0666 0.6
777.8 241 0.9546 0.6
777.19 239.143 1.9018 0.6
607 529 0.2442 0.6
662 579.5 0.1258 0.6
665.143 576.571 0.481 0.6
665.111 575.778 0.9546 0.6
664.034 576.759 1.9018 0.6
608 526 0.0666 0.6
609 531 0.0666 0.6
609 532 0.0666 0.6
610 532 0.0666 0.6
664 577.5 0.1258 0.6
606.8 528.2 0.481 0.6
606.583 528.417 0.9546 0.6
606.917 529.25 1.9018 0.6
708 488 0.0666 0.6
709 487.5 0.1258 0.6
707 488 0.481 0.6
706.417 487.417 0.9546 0.6
767 482 0.0666 0.6
690.9 429.85 1.9018 0.6
782.891 362.836 3.7962 0.6
693 429 0.0666 0.6
692 427 0.0666 0.6
690 431 0.0666 0.6
691 431 0.0666 0.6
690 429.5 0.1258 0.6
691.5 429 0.481 0.6
690.444 429.556 0.9546 0.6
606.65 275.05 1.9018 0.6
605 377 0.0666 0.6
601 371.5 0.1258 0.6
599 372 0.0666 0.6
603 373 0.2442 0.6
602.6 375 0.481 0.6
601.267 373.933 0.9546 0.6
601.276 374.103 1.9018 0.6
668 574 0.0666 0.6
796.75 594 0.2442 0.6
786 582 0.1258 0.6
785 582.25 0.2442 0.6
784.75 582.583 0.9546 0.6
789 596 0.0666 0.6
788 594.667 0.2442 0.6
789.2 595.8 0.481 0.6
787.833 595.333 0.481 0.6
799 594 0.0666 0.6
798.5 595 0.1258 0.6
784 582 0.0666 0.6
795.5 594 0.1258 0.6
796.5 594.25 0.481 0.6
793.5 495.5 0.1258 0.6
790.25 497 0.2442 0.6
787.333 495.333 0.2442 0.6
789 494 0.0666 0.6
792.6 497.2 0.481 0.6
790.25 495.917 0.9546 0.6
767.5 575 0.2442 0.6
794 575.5 0.1258 0.6
795.333 575 0.2442 0.6
794.833 574.5 0.481 0.6
795.083 574.833 0.9546 0.6
767 576 0.0666 0.6
766 577 0.0666 0.6
768.5 575 0.1258 0.6
767.167 575.167 0.481 0.6
790.286 496.571 3.7962 0.6
775 585 0.0666 0.6
774 585 0.0666 0.6
776 586.333 0.481 0.6
775.25 586 0.2442 0.6
781 569 0.0666 0.6
777.5 571.5 0.1258 0.6
778.857 570.857 0.481 0.6
779 570 0.9546 0.6
787.32 203 1.9018 0.6
779.4 307.6 0.9546 0.6
780.812 309.375 0.9546 0.6
780.207 306.793 1.9018 0.6
779.891 309 7.585 0.6
789.5 205.5 0.1258 0.6
785 203 0.1258 0.6
788.2 206.2 0.481 0.6
787.273 205.091 0.9546 0.6
778 307.2 0.481 0.6
787.826 203.261 3.7962 0.6
787.123 203.691 7.585 0.6
603 273 0.0666 0.6
602 280 0.0666 0.6
607 274 0.0666 0.6
606.5 277 0.2442 0.6
606.714 276.429 0.481 0.6
606.667 275.5 0.9546 0.6
789 394 0.0666 0.6
793 429 0.0666 0.6
793.5 430.5 0.1258 0.6
789 433 0.0666 0.6
792.8 431.6 0.9546 0.6
791.731 432 1.9018 0.6
791.951 432.22 3.7962 0.6
786 401 0.0666 0.6
790 394 0.0666 0.6
19.3333 184.333 0.2442 0.6
788 397 0.1258 0.6
787.5 394.833 0.481 0.6
788.8 396.5 0.9546 0.6
789.125 397 1.9018 0.6
788 397.19 3.7962 0.6
780 313 0.0666 0.6
783 314 0.0666 0.6
782 306 0.1258 0.6
324 56 0.0666 0.6
30 48 0.0666 0.6
29.5 48 0.1258 0.6
29.8 48.2 0.481 0.6
29 47.75 0.2442 0.6
46 37 0.0666 0.6
47 37 0.0666 0.6
45.6667 37 0.2442 0.6
46 37.5 0.1258 0.6
44.8 36.8 0.481 0.6
23.5 47.5 0.1258 0.6
318.75 55.75 0.2442 0.6
318 53 0.2442 0.6
318.727 55.9091 0.9546 0.6
319.087 55.6957 1.9018 0.6
319.825 55.65 3.7962 0.6
52 17 0.0666 0.6
52 17 0.1258 0.6
52 18 0.0666 0.6
292 413 0.0666 0.6
302.188 550.375 0.9546 0.6
302.429 550.607 1.9018 0.6
300.342 551.053 3.7962 0.6
301.316 551.439 7.585 0.6
52 534 0.0666 0.6
49 535 0.2442 0.6
51.4 534 0.481 0.6
50 534.5 0.481 0.6
52 16.8 0.481 0.6
302 403 0.0666 0.6
300 406 0.0666 0.6
302.286 406.857 0.481 0.6
300.636 405.818 0.9546 0.6
299.917 406.5 1.9018 0.6
298.34 406.547 3.7962 0.6
298.495 406.067 7.585 0.6
23.5 47.5 0.1258 0.6
17.9167 400 0.9546 0.6
34 537 0.0666 0.6
34.5 537 0.1258 0.6
34.3 536 0.9546 0.6
16 399 0.0666 0.6
14 401 0.0666 0.6
17.3333 397.667 0.2442 0.6
16.8333 398.833 0.481 0.6
18 399.25 0.2442 0.6
35 537 0.0666 0.6
17.4722 399.5 3.7962 0.6
30.75 359.5 0.2442 0.6
29 357.333 0.2442 0.6
28.4 357.6 0.481 0.6
31.2857 358.143 0.481 0.6
30.9091 356.636 0.9546 0.6
30.2593 357.63 1.9018 0.6
30.561 357.122 3.7962 0.6
35 31 0.0666 0.6
216 28 0.0666 0.6
219.2 23.4 0.481 0.6
218.375 25.375 0.481 0.6
219.429 23.5714 0.481 0.6
218.278 24.6111 3.7962 0.6
218.341 24.2195 3.7962 0.6
31 30.5 0.1258 0.6
32.5 30.5 0.2442 0.6
304.333 551.667 0.2442 0.6
35 30 0.0666 0.6
36 30 0.0666 0.6
36.2 31.2 0.481 0.6
47 521 0.0666 0.6
47 522 0.1258 0.6
45.5 522.5 0.1258 0.6
46.6667 522.333 0.2442 0.6
46.1667 522.5 0.481 0.6
27 536 0.0666 0.6
11 564 0.0666 0.6
10 562 0.0666 0.6
9 562 0.0666 0.6
10 578 0.0666 0.6
9 578 0.0666 0.6
8 572 0.0666 0.6
9 572 0.0666 0.6
22 537 0.0666 0.6
20.8 537.6 0.481 0.6
52 506.8 0.481 0.6
28.2 535.4 0.481 0.6
42 103 0.0666 0.6
43 103 0.0666 0.6
42.1429 103.857 0.481 0.6
42.375 104.75 0.481 0.6
42.5714 104 0.9546 0.6
30 122 0.0666 0.6
30 127 0.0666 0.6
14 608 0.0666 0.6
29 584 0.0666 0.6
30 584 0.0666 0.6
30 583 0.0666 0.6
28.3333 582.667 0.481 0.6
27.5 583.5 0.2442 0.6
19 606 0.0666 0.6
18 607 0.0666 0.6
19 606.333 0.2442 0.6
33 125.5 0.1258 0.6
13.3333 607.333 0.2442 0.6
35 525 0.0666 0.6
36 526 0.0666 0.6
37 524 0.0666 0.6
35.8 524.8 0.481 0.6
52 508 0.0666 0.6
53 506.5 0.1258 0.6
52.5 506.5 0.1258 0.6
7 64 0.0666 0.6
291 137 0.0666 0.6
286 137 0.0666 0.6
291.5 136 0.1258 0.6
288 136.167 0.481 0.6
292.286 133.857 0.481 0.6
289.462 137.231 1.9018 0.6
289.333 135.481 1.9018 0.6
289.134 136.358 7.585 0.6
42.1509 199.66 3.7962 0.6
12 58 0.0666 0.6
13 58 0.0666 0.6
51 577 0.0666 0.6
52 577 0.0666 0.6
52.8 575.4 0.481 0.6
52.3333 576.5 0.481 0.6
301.333 555 0.2442 0.6
299 554.667 0.2442 0.6
20 20 0.0666 0.6
29.4 124.6 0.481 0.6
31.0556 124.333 1.9018 0.6
31.1429 124.357 0.9546 0.6
27 24 0.0666 0.6
26.5 24 0.1258 0.6
28 23 0.0666 0.6
26.6667 23.6667 0.2442 0.6
19 20 0.0666 0.6
17 17 0.0666 0.6
47 204 0.0666 0.6
37 199 0.0666 0.6
45 199 0.0666 0.6
41.5 196.5 0.1258 0.6
42.2 202.4 0.481 0.6
42 196.429 0.481 0.6
42.4118 199.353 1.9018 0.6
40.8621 200.759 1.9018 0.6
24.5 547 0.2442 0.6
19 32 0.0666 0.6
14 31 0.0666 0.6
15 31 0.0666 0.6
14.5 566 0.1258 0.6
11 567 0.0666 0.6
12 567 0.0666 0.6
26 546 0.0666 0.6
25 547 0.0666 0.6
25 546 0.0666 0.6
19.5 32.5 0.1258 0.6
41 545 0.0666 0.6
39 547 0.0666 0.6
39.5 545.5 0.1258 0.6
40.6667 545.833 0.481 0.6
21 24 0.0666 0.6
20 24 0.0666 0.6
20.5 25 0.1258 0.6
22.5 29 0.1258 0.6
18.2121 425.485 3.7962 0.6
13.5 488.75 0.2442 0.6
13.1111 488 0.9546 0.6
13.2 488.267 0.9546 0.6
16 426 0.0666 0.6
18 428 0.0666 0.6
19.6 425 0.481 0.6
17.5 424.875 0.481 0.6
19.1818 424.364 0.9546 0.6
15 8 0.0666 0.6
18.5 13 0.1258 0.6
23 9.5 0.1258 0.6
23 10 0.0666 0.6
23 9.33333 0.2442 0.6
8 49 0.0666 0.6
6.5 607 0.1258 0.6
9 607 0.0666 0.6
10 607 0.0666 0.6
264.339 294.661 3.7962 0.6
40 586 0.0666 0.6
38.4 586.6 0.481 0.6
39 587 0.481 0.6
38.3333 586 0.2442 0.6
261.429 293.571 0.481 0.6
263.833 295.5 0.481 0.6
264 294.6 0.9546 0.6
264.226 294.452 1.9018 0.6
37 586 0.1258 0.6
262.96 295.395 7.58501 0.6
667 296 0.0666 0.6
669 302 0.0666 0.6
669 294 0.0666 0.6
667.333 298 0.2442 0.6
669 298.143 0.481 0.6
666.909 296.455 0.9546 0.6
666.429 297.786 1.9018 0.6
11 24 0.0666 0.6
15.5 7 0.1258 0.6
12 10 0.0666 0.6
12 11 0.0666 0.6
13 10.5 0.1258 0.6
12 577 0.0666 0.6
8 22 0.0666 0.6
8.5 22.5 0.1258 0.6
10 24 0.0666 0.6
14 488.333 0.2442 0.6
14 38 0.0666 0.6
11 35 0.0666 0.6
12 34 0.0666 0.6
12 35 0.0666 0.6
11 34 0.0666 0.6
22 593 0.0666 0.6
22.6667 593.667 0.2442 0.6
23.25 594.25 0.2442 0.6
13 5 0.0666 0.6
31 89 0.0666 0.6
31 91 0.0666 0.6
31.3333 89.5556 0.9546 0.6
31.4615 89.6154 0.9546 0.6
14 70 0.0666 0.6
12.5 73 0.1258 0.6
15 72 0.0666 0.6
12.6667 71.6667 0.2442 0.6
13.5714 70.7143 0.481 0.6
30 92 0.0666 0.6
14 5 0.0666 0.6
23 4 0.0666 0.6
22.3333 3.33333 0.2442 0.6
24 3.5 0.1258 0.6
13 1 0.0666 0.6
12 1 0.0666 0.6
16.5 1.5 0.2442 0.6
9 9 0.0666 0.6
24 78 0.2442 0.6
17 16 0.0666 0.6
11 541 0.0666 0.6
12 544 0.0666 0.6
13 543 0.0666 0.6
12.5 543.5 0.1258 0.6
11 48 0.0666 0.6
11 47 0.0666 0.6
22 78 0.0666 0.6
10 7 0.0666 0.6
22.5 79 0.1258 0.6
23.8333 77.6667 0.481 0.6
19 64 0.0666 0.6
20 65 0.0666 0.6
20.5 64.875 0.481 0.6
13 540 0.0666 0.6
14 540 0.0666 0.6
32 89 0.0666 0.6
16.6667 586.333 0.2442 0.6
12 46 0.0666 0.6
13 46 0.0666 0.6
11.8 529.4 0.481 0.6
9 535 0.0666 0.6
10 535 0.0666 0.6
14.5 592 0.1258 0.6
15 591 0.2442 0.6
18 586 0.0666 0.6
13.5 47 0.1258 0.6
16 587 0.0666 0.6
12 24 0.0666 0.6
12.5 24.5 0.1258 0.6
13 25 0.0666 0.6
12 28 0.0666 0.6
12 27 0.0666 0.6
13 27 0.0666 0.6
16 486 0.0666 0.6
11 583 0.0666 0.6
10 6 0.0666 0.6
11 6 0.0666 0.6
10.5 19 0.1258 0.6
13.5 19 0.1258 0.6
13 20 0.0666 0.6
14.5 19.5 0.1258 0.6
11 588 0.0666 0.6
10 583.5 0.1258 0.6
20.6667 581.333 0.2442 0.6
22 529 0.0666 0.6
22 530 0.0666 0.6
23.1667 528.667 0.481 0.6
15 523 0.0666 0.6
13 524 0.0666 0.6
14 523 0.0666 0.6
13 522.5 0.1258 0.6
14.5 522 0.1258 0.6
23 554 0.0666 0.6
31.5 606.5 0.1258 0.6
31 607.25 0.2442 0.6
26 602 0.0666 0.6
24 602.333 0.2442 0.6
24.1667 603.167 0.481 0.6
16 564 0.0666 0.6
16.5 563 0.1258 0.6
22 554 0.0666 0.6
21 554 0.0666 0.6
30 607 0.0666 0.6
22 555 0.2442 0.6
6.5 26 0.1258 0.6
9 26 0.0666 0.6
8 26 0.0666 0.6
34 485 0.1258 0.6
34 484 0.0666 0.6
33.6 486 0.481 0.6
34.1667 485 0.481 0.6
12.5 52 0.1258 0.6
17.8 91.4 0.481 0.6
15.5 93.125 0.481 0.6
16.25 92.8333 0.9546 0.6
13.25 83 0.2442 0.6
13.625 83 0.481 0.6
18 17 0.0666 0.6
17 17 0.0666 0.6
20 16 0.0666 0.6
33.125 484.75 0.9546 0.6
12 53 0.0666 0.6
11 52.5 0.1258 0.6
20 55 0.0666 0.6
21 56 0.0666 0.6
21 55.3333 0.2442 0.6
31 607 0.0666 0.6
33 606 0.0666 0.6
32 606 0.0666 0.6
35.3333 17 0.2442 0.6
221.886 127 3.7962 0.6
23 521 0.0666 0.6
22.5 521.5 0.1258 0.6
23.5714 520.571 0.481 0.6
17 533 0.0666 0.6
17 532.4 0.481 0.6
20 24 0.0666 0.6
20.5 23 0.1258 0.6
221.706 126.941 1.9018 0.6
36.3333 17 0.481 0.6
9 541 0.0666 0.6
10 537 0.0666 0.6
9 537 0.0666 0.6
21 568 0.0666 0.6
34 562 0.0666 0.6
33 562 0.0666 0.6
32 564 0.0666 0.6
50 88 0.0666 0.6
39.5 461.5 0.1258 0.6
39 460 0.0666 0.6
40 461.5 0.2442 0.6
42 461.333 0.481 0.6
42.1111 460 0.9546 0.6
42.4545 460.545 1.9018 0.6
51 88 0.0666 0.6
50 87 0.0666 0.6
17 94 0.0666 0.6
52 87.5 0.1258 0.6
53 89 0.0666 0.6
51.6667 88.1667 0.481 0.6
224 126 0.0666 0.6
226 124 0.0666 0.6
221.667 127.333 0.2442 0.6
222.75 126.25 0.2442 0.6
221.8 127.3 0.9546 0.6
19 255.667 0.481 0.6
27 14 0.1258 0.6
27 15 0.0666 0.6
13 594 0.0666 0.6
12.3333 594.667 0.2442 0.6
16 597 0.1258 0.6
15.6667 597.667 0.2442 0.6
14 257 0.0666 0.6
14.5 255.5 0.1258 0.6
20 255 0.1258 0.6
27 14.6667 0.2442 0.6
16.2727 255 0.9546 0.6
16.5455 254.773 1.9018 0.6
18.0667 254.867 3.7962 0.6
29 314 0.0666 0.6
24 310 0.1258 0.6
28.75 308.25 0.2442 0.6
28.0833 309.25 0.9546 0.6
27.0588 309 1.9018 0.6
19.2609 109.13 1.9018 0.6
15 186.667 0.2442 0.6
19.625 186.333 1.9018 0.6
18.5714 186.429 1.9018 0.6
17.875 186.922 3.7962 0.6
19 108.333 0.2442 0.6
19 109 0.481 0.6
20 108 0.481 0.6
19.4286 108.5 0.9546 0.6
26.7222 309.944 3.7962 0.6
17 147 0.0666 0.6
16 146 0.1258 0.6
18.375 144 0.481 0.6
18.1667 144 0.481 0.6
17.8182 143.636 0.9546 0.6
18.1429 143.857 1.9018 0.6
21 17.5 0.1258 0.6
22 17.5 0.1258 0.6
30.5 20 0.1258 0.6
16 545 0.0666 0.6
15 574 0.1258 0.6
15 574.5 0.1258 0.6
14 575 0.0666 0.6
15 570.5 0.1258 0.6
16 570 0.0666 0.6
23.3333 22.3333 0.2442 0.6
29 20 0.0666 0.6
15 546 0.0666 0.6
30.4286 21.1429 0.481 0.6
30 68 0.0666 0.6
31 67 0.0666 0.6
28 67 0.2442 0.6
29.7273 67.6364 0.9546 0.6
30 62 0.0666 0.6
31 62 0.0666 0.6
29.3333 62.6667 0.2442 0.6
281 25 0.2442 0.6
27.6769 308.831 7.585 0.6
50 7 0.0666 0.6
51.5 9 0.1258 0.6
51.5 7.5 0.1258 0.6
50 8 0.0666 0.6
51 8 0.2442 0.6
281 23 0.0666 0.6
276 25 0.1258 0.6
32 562.857 0.481 0.6
273 26 0.0666 0.6
277.833 27.8333 0.481 0.6
276.889 25.5556 0.9546 0.6
277.278 25.8889 1.9018 0.6
276.662 26.9014 7.585 0.6
15 541 0.0666 0.6
14 541 0.0666 0.6
15 545 0.0666 0.6
20 445.75 0.2442 0.6
30 572 0.0666 0.6
30 572.6 0.481 0.6
30 555 0.0666 0.6
32 555 0.0666 0.6
29 555 0.0666 0.6
29.6667 554.667 0.2442 0.6
31 555.167 0.481 0.6
22 445 0.0666 0.6
22 446 0.0666 0.6
9 20 0.0666 0.6
19.6667 447.667 0.2442 0.6
18.5 445.5 0.1258 0.6
19.7143 446.714 0.481 0.6
19.2143 446.357 0.9546 0.6
19.2 446.4 1.9018 0.6
41 434 0.0666 0.6
40 433.5 0.1258 0.6
46 430 0.0666 0.6
17 48 0.0666 0.6
17.8462 470.231 0.9546 0.6
19.3333 469.667 0.9546 0.6
18.6 469.6 1.9018 0.6
9.5 589 0.1258 0.6
11 590 0.0666 0.6
16 47 0.0666 0.6
16 49 0.0666 0.6
16 48 0.0666 0.6
45.3333 432.833 0.481 0.6
17 49 0.0666 0.6
16 44 0.0666 0.6
17 44 0.0666 0.6
16 44 0.0666 0.6
9 559 0.0666 0.6
10 559 0.0666 0.6
11 555 0.0666 0.6
10 555.5 0.1258 0.6
15 26 0.0666 0.6
9.5 552.5 0.1258 0.6
17 555 0.0666 0.6
16.75 555 0.2442 0.6
17 554 0.1258 0.6
8 542 0.0666 0.6
16.3333 25.3333 0.2442 0.6
16 25 0.0666 0.6
17 25 0.0666 0.6
9 552 0.0666 0.6
14 22 0.0666 0.6
14 23 0.0666 0.6
15 22 0.0666 0.6
11 44 0.0666 0.6
12 40 0.0666 0.6
11 40.5 0.1258 0.6
19.6667 580.667 0.2442 0.6
19.6667 581 0.2442 0.6
230 214 0.0666 0.6
43.2857 432.786 0.9546 0.6
43.2308 432.5 1.9018 0.6
50 124 0.0666 0.6
48.5 124.5 0.2442 0.6
49 125 0.0666 0.6
49.5 127.5 0.1258 0.6
47.5 126.5 0.1258 0.6
49 126.077 0.9546 0.6
17.5 469 0.2442 0.6
228 218 0.0666 0.6
229 211 0.0666 0.6
224 209 0.0666 0.6
227.4 211.8 0.481 0.6
226.846 209.769 0.9546 0.6
227.667 211.424 3.7962 0.6
227.733 212.111 3.7962 0.6
228.175 211.675 7.58501 0.6
39.5 80 0.1258 0.6
25 217 0.0666 0.6
19 220 0.0666 0.6
16 219 0.0666 0.6
22 217.667 0.2442 0.6
20.2727 217.909 0.9546 0.6
20.4286 217 0.481 0.6
20.5405 216.703 3.7962 0.6
21.283 218.377 3.7962 0.6
38.9615 171.731 1.9018 0.6
38.5 80 0.1258 0.6
39 79.6 0.481 0.6
38.8 79.1 0.9546 0.6
40 147 0.0666 0.6
42 145.5 0.1258 0.6
44.5 144 0.1258 0.6
43 145.182 0.9546 0.6
42.8261 145.391 1.9018 0.6
46 495 0.0666 0.6
23 41 0.0666 0.6
24 41 0.0666 0.6
24 39 0.0666 0.6
25 39 0.0666 0.6
20 511 0.0666 0.6
21 509 0.0666 0.6
20.5 509.25 0.2442 0.6
21 509.25 0.9546 0.6
20 39 0.0666 0.6
43 496 0.0666 0.6
47 495 0.0666 0.6
45.2 495.6 0.481 0.6
44.5 495.2 0.9546 0.6
42 173 0.0666 0.6
39.5 170.5 0.2442 0.6
38.1429 171.571 0.481 0.6
38.5 172.75 0.481 0.6
26 498 0.0666 0.6
31 37 0.0666 0.6
31 592.5 0.1258 0.6
30 592 0.0666 0.6
31 593 0.2442 0.6
38 597 0.0666 0.6
39 597 0.0666 0.6
37.75 596.25 0.2442 0.6
38 598 0.2442 0.6
31.5 37.5 0.1258 0.6
25 495.5 0.1258 0.6
26 496.5 0.1258 0.6
25 496.333 0.481 0.6
24.375 496.5 0.481 0.6
15 470 0.0666 0.6
17 471 0.0666 0.6
15 469 0.0666 0.6
20.5 468.5 0.1258 0.6
245.8 479.2 0.481 0.6
21 39 0.0666 0.6
23.5 37 0.1258 0.6
49 596 0.0666 0.6
51 596.667 0.2442 0.6
50 597 0.2442 0.6
50.5 597.25 0.2442 0.6
242 484 0.0666 0.6
247 479 0.0666 0.6
666.966 297.466 3.7962 0.6
246.333 478.714 1.9018 0.6
248.03 480.03 3.7962 0.6
248.977 479.512 3.7962 0.6
247.841 479.929 7.58501 0.6
28 40 0.0666 0.6
27 40 0.0666 0.6
33 37 0.0666 0.6
32 38 0.0666 0.6
0
